6063
5913
5662
5948
5659
5610
5805
5817
5812
6082
5622
5615
5621
5614
5613
5809
5801
5811
5819
5810
5816
5802
5800
5439
5427
5432
5440
5606
5914
5349
5366
5375
5607
5219
5388
5272
5171
5324
5323
5186
5367
5386
5211
5671
5384
5298
5097
5378
4968
5085
5292
5352
4951
4994
5674
5544
5304
5276
5678
5672
5306
5670
5158
5418
5294
5416
5431
5368
5373
5205
5404
4824
5204
4843
5633
4786
5381
5074
5022
5639
5355
4966
5638
5222
5221
5371
5646
5649
5167
5409
5408
5288
5314
4975
4778
4957
5391
5071
5358
5351
5347
5262
5261
4860
5406
5405
4760
5397
5080
5028
5046
5045
5392
5362
4818
5346
5260
4761
4977
4841
4781
5023
4820
4829
5359
5040
5077
4772
5070
5340
4763
5348
4960
5056
4828
5603
4879
4972
5365
5364
4923
5017
4956
4882
4765
5363
4970
4855
4963
4833
4984
4837
4997
4794
4964
4887
4838
4580
4801
4618
5099
4620
4754
5072
4551
4858
5173
5178
4567
4544
4981
4538
4327
5086
4454
4399
4665
4598
4322
5094
5498
4599
4377
4403
4419
4255
4857
4482
4359
4974
4388
4349
5177
5454
5453
5452
4198
4380
4318
4407
4389
4410
5525
4381
4536
4814
4826
5179
5499
4236
4281
4455
4345
4354
4825
4475
4350
4346
4314
4397
4813
4476
4559
4477
4592
4383
4008
4877
5216
4096
4884
4803
4885
4435
4312
4233
5213
4384
4123
4519
4497
4259
4095
4800
4802
4391
3973
4521
5189
5210
4280
4121
4894
3946
4120
5181
4385
4091
4299
4089
4396
4393
4137
5496
3941
3942
3981
4298
4465
4596
4511
4297
4807
4489
4460
5247
4231
4608
4593
4082
4574
4080
4079
4587
4278
4252
4136
4104
4224
3984
4074
4288
3920
4277
4193
4797
4549
4152
4135
4069
4558
4557
4071
4067
4374
4362
4512
4361
4165
3975
4212
4798
3977
4392
4061
3940
3938
3851
3853
4513
3912
4159
4158
3911
4426
4114
4227
4468
3898
4832
4535
3952
3902
3886
3884
3872
3829
3796
3861
4664
4006
3885
4779
4206
4203
3903
4054
4113
4226
4053
4182
4181
3855
3858
3836
3963
3880
5238
5231
3762
4903
4177
4239
4011
4012
4225
4106
4172
4271
4270
4268
4163
3883
4142
3954
4168
3721
3790
4266
3791
4265
4256
4047
4107
4046
4043
4045
4916
4915
4041
3848
3782
3727
3783
3787
3785
3784
3788
3959
3709
3705
3820
3819
3706
3592
3722
5254
3676
3814
3717
3626
3730
3627
5277
4930
3794
3758
4219
3578
3573
3759
3571
3600
3580
4102
3558
3560
3615
3556
4931
3754
3557
4030
4719
4188
3635
4602
3532
3531
3792
4100
3537
3510
3501
3503
5279
3513
3482
3467
3475
3498
3463
4936
4133
4132
5281
3413
3489
3688
3399
3330
3487
3492
3329
3308
3313
3298
3496
3423
3274
3256
3416
3554
3282
3290
3318
3283
3285
3310
4037
3325
3669
3668
3355
3360
3841
3258
3500
3354
3691
3433
3429
3193
3179
3220
3138
3326
3370
3223
3424
3177
3141
3085
3144
3062
3182
3119
3060
3104
3088
3007
3003
2990
3105
3875
3315
3111
3469
2963
3936
2970
2887
2959
3191
2867
2866
3356
2838
2860
2808
2919
2821
2755
2918
2824
2834
2832
2745
2782
2724
2697
2883
2835
2932
2827
2789
2788
2779
2739
2656
2609
2635
2652
2618
2728
2653
2628
2749
2892
3402
2547
2546
2750
2565
2975
2772
2548
2794
2484
2534
2881
2491
2486
2447
2448
2431
2657
2470
2418
2426
2382
2415
2453
2414
2307
2298
2396
2221
2213
2206
2215
2204
2164
2176
2171
2430
2118
1732
2089
2083
2374
2087
2104
2154
2432
2052
2046
2795
2189
2219
2023
1973
2080
1940
2058
1962
2040
2034
1960
2339
2054
1807
1779
1976
1812
1774
1685
1679
2250
1696
1604
1813
1917
1869
1699
1714
1617
1498
1497
1496
1495
1568
2760
2009
2010
1667
1839
1580
1412
1411
2855
2242
1269
1553
1439
1424
1330
1237
1481
1332
1563
1344
1427
2368
1231
1559
1557
1263
1258
1369
2143
1088
1085
2234
1858
1051
1857
1761
1334
751
723
722
721
720
560
825
823
1792
557
651
612
611
610
609
528
507
426
424
494
473
470
369
368
267
265
264
80
78
12
288
162
161
160
158
